1
0
15
NONAME 26530 83 21 54 26 12 10 2 1 8 3 9 
NONAME 26530 83 21 54 26 12 10 2 1 8 3 9 
NONAME 26530 83 21 54 26 12 10 2 1 8 3 9 
NONAME 26530 83 21 54 26 12 10 2 1 8 3 9 
NONAME 26530 83 21 54 26 12 10 2 1 8 3 9 
NONAME 26530 83 21 54 26 12 10 2 1 8 3 9 
NONAME 26530 83 21 54 26 12 10 2 1 8 3 9 
NONAME 26530 83 21 54 26 12 10 2 1 8 3 9 
NONAME 26530 83 21 54 26 12 10 2 1 8 3 9 
NONAME 26530 83 21 54 26 12 10 2 1 8 3 9 
NONAME 26530 83 21 54 26 12 10 2 1 8 3 9 
NONAME 26530 83 21 54 26 12 10 2 1 8 3 9 
NONAME 6250 26 13 10 7 0 3 11 7 8 4 3 
NONAME 4335 13 4 8 6 3 0 6 3 4 5 6 
NONAME 2565 11 4 9 4 2 1 4 8 4 11 8 
